=== FINAL BATCH SUMMARY ===
experiments: 20

experiment                     |    slo |    acc | avg_rt(s) |  sched(ms) |   docs | pred_cnt | pred_samp |   conf
------------------------------------------------------------------------------------------------------------------------
infaas_7.5                     |  0.920 |  0.783 |     6.599 |     0.6873 |   1319 |      N/A |       N/A |    N/A
async_no_load_control_7.5      |  0.998 |  0.780 |     5.613 |     0.8326 |   1319 |    14542 |     80532 |  0.881
async_no_slo_aware_7.5         |  1.000 |  0.777 |     5.406 |     0.8384 |   1319 |    14476 |     80334 |  0.874
async_7.5                      |  1.000 |  0.779 |     4.952 |     0.6004 |   1319 |      223 |     11316 |  0.882
infaas_8                       |  0.271 |  0.783 |    11.650 |     0.6756 |   1319 |      N/A |       N/A |    N/A
async_no_load_control_8        |  0.979 |  0.773 |     7.538 |     0.8919 |   1319 |    13182 |     78003 |  0.831
async_no_slo_aware_8           |  0.996 |  0.772 |     6.820 |     0.8672 |   1319 |    13054 |     77778 |  0.823
async_8                        |  0.998 |  0.776 |     6.231 |     0.6300 |   1319 |      220 |     11247 |  0.835
infaas_8.5                     |  0.085 |  0.783 |    18.998 |     0.6813 |   1319 |      N/A |       N/A |    N/A
async_no_load_control_8.5      |  0.777 |  0.768 |     8.971 |     0.8594 |   1319 |    11853 |     74379 |  0.763
async_no_slo_aware_8.5         |  0.961 |  0.770 |     7.857 |     0.8686 |   1319 |    11739 |     74172 |  0.757
async_8.5                      |  0.977 |  0.771 |     7.582 |     0.6401 |   1319 |      216 |     10779 |  0.767
infaas_9                       |  0.062 |  0.783 |    24.178 |     0.6982 |   1319 |      N/A |       N/A |    N/A
async_no_load_control_9        |  0.303 |  0.764 |    11.067 |     0.9085 |   1319 |    10778 |     71976 |  0.710
async_no_slo_aware_9           |  0.553 |  0.765 |     9.943 |     0.8930 |   1319 |    10721 |     71607 |  0.703
async_9                        |  0.727 |  0.766 |     8.907 |     0.6542 |   1319 |      210 |     10269 |  0.714
infaas_9.5                     |  0.052 |  0.776 |    28.699 |     0.6663 |   1319 |      N/A |       N/A |    N/A
async_no_load_control_9.5      |  0.120 |  0.770 |    14.443 |     0.8658 |   1319 |    10915 |     72048 |  0.711
async_no_slo_aware_9.5         |  0.132 |  0.763 |    13.833 |     0.8847 |   1319 |    10645 |     71622 |  0.701
async_9.5                      |  0.176 |  0.763 |    12.474 |     0.6352 |   1319 |      218 |     10203 |  0.701

=== AVERAGES ACROSS EXPERIMENTS ===
slo_attainment: 0.6043
accuracy: 0.7726
avg_response_time: 11.0880
avg_scheduler_latency: 0.7639
document_number: 1319.0000
predict_count: 8199.4667
predict_samples: 53751.0000
avg_confidence: 0.7768
