1.389606901380857629e+00
1.518475153865606053e+00
1.656635137080719744e+00
1.915761515050073971e+00
2.085639159357211003e+00
2.759115484988894362e+00
3.251295444089508102e+00
3.298748597544143291e+00
3.406093430225720642e+00
3.486161972430190659e+00
3.646342406944902415e+00
3.900577053220810608e+00
3.928336976500090838e+00
4.318046588926760521e+00
4.363399700364578138e+00
4.636984958660228529e+00
4.976348678356846023e+00
5.362180420024142968e+00
5.433055146252153023e+00
5.466547695464917922e+00
5.517202964240020435e+00
5.913161326309246846e+00
6.021359333317910512e+00
6.175348288740734048e+00
6.380823255116141013e+00
6.637065458699176190e+00
6.740792496035219017e+00
6.981580720747759372e+00
7.294789929436151787e+00
7.320234466961405673e+00
7.376074937640453300e+00
7.605223024637252749e+00
7.615906698103458439e+00
7.625738023228556983e+00
7.910092349175601001e+00
7.953393162486543488e+00
7.959661162145915014e+00
8.128797751045047093e+00
8.634802894001690987e+00
8.774184910367743839e+00
9.150074981714828581e+00
9.340224865353407679e+00
9.354940518385401305e+00
9.428755706020275795e+00
9.757853847375574929e+00
1.005973042073381407e+01
1.018379357573965294e+01
1.031655633456551868e+01
1.078268213902262573e+01
1.096490035442846356e+01
1.100496086717937061e+01
1.106608420635983947e+01
1.110229041464778632e+01
1.120445662476432602e+01
1.179364195232968093e+01
1.182804341055176955e+01
1.188564760450714353e+01
1.221864069569104139e+01
1.223254246642917487e+01
1.226058487994365898e+01
1.262795689090856399e+01
1.294797358517283392e+01
1.356560103185682209e+01
1.356818667316142069e+01
1.359120293161335624e+01
1.363391410243736068e+01
1.372261014375385457e+01
1.380079260652582462e+01
1.393512381599931693e+01
1.408979003251651463e+01
1.542774404527510512e+01
1.544362537499680599e+01
1.550451635058230870e+01
1.554706104672807143e+01
1.642849164660940176e+01
1.689098270455120598e+01
1.691264899527813270e+01
1.726762800499328421e+01
1.735280296901891006e+01
1.742508365045983965e+01
1.832338795645912555e+01
1.901249114183032418e+01
1.906750508580709180e+01
1.926268112254022569e+01
1.951547789558385659e+01
1.960690223968271084e+01
1.971259182850570824e+01
1.994888021003324852e+01
2.012294321652824536e+01
2.020518044063150853e+01
2.035111773155157167e+01
2.080839026254963642e+01
2.117062422012895340e+01
2.135659453806869479e+01
2.173406633836766488e+01
2.182890190925805740e+01
2.213896942061965945e+01
2.221339552022710961e+01
2.236519310393124726e+01
2.254133452074263033e+01