5.146123573950611707e-01
1.452090304204986637e+00
3.899863008405066278e+00
3.900466011060912841e+00
5.308477766956904098e+00
1.496646210492591500e+01
1.502787529358021956e+01
1.770181444490113876e+01
1.829984854528512628e+01
2.081106602001054284e+01
2.165440364437337806e+01
2.424774630404985842e+01
2.999184455395899462e+01
3.230361621338045097e+01
3.415904608234229300e+01
3.640174960542589844e+01
3.785586096034029424e+01
3.981036422155106180e+01
4.462939903482534021e+01
5.162628982463198923e+01
7.372213843133333455e+01
7.805095587111946998e+01
8.600381234349003989e+01
9.210582566280392314e+01
1.227330100519695577e+02
1.327927769022352606e+02
1.693783205840278754e+02
1.742396156941139793e+02
1.761306822227634541e+02
1.798995715604786199e+02
1.831332582690816082e+02
1.847169322422370499e+02
2.018637660919942789e+02
2.049678920383543073e+02
2.193061192324164494e+02
2.200549245188509815e+02
2.246721734150129350e+02
2.256354781686023898e+02
2.257857296421683486e+02
2.265889587571505785e+02
2.268511162933522485e+02
2.276972856748326137e+02
2.278967264881282517e+02
2.279898561484575339e+02
2.312323057287218830e+02
2.327745580428915559e+02
2.328588995269081749e+02
2.331295830506686855e+02
2.332724506213162385e+02
2.339616432136068056e+02
2.352595730758907564e+02
2.356885254589637384e+02
2.368053731290487463e+02
2.373448899091097815e+02
2.377142672791175642e+02
2.380683207345498431e+02
2.390319299392374148e+02
2.405824531706889502e+02
2.409102602815945033e+02
2.409389367838803366e+02
2.428311196805748864e+02
2.432401544584515989e+02
2.440196262154224200e+02
2.442741794988640152e+02
2.442817586671486367e+02
2.465775856468898439e+02
2.471803185644081680e+02
2.476891618481523096e+02
2.501738032632797797e+02
2.509221736838633205e+02
2.512869687812497261e+02
2.519244977457198331e+02
2.527512981131919219e+02
2.529966341833420813e+02
2.536223718022805826e+02
2.540305321813501109e+02
2.546642514721509087e+02
2.555526952617682639e+02
2.556983790635485434e+02
2.559890472666743051e+02
2.560513817877875340e+02
2.562945573956341150e+02
2.569661616059152607e+02
2.571210123594366905e+02
2.572437863228441870e+02
2.575219577454192290e+02
2.579500868742965736e+02
2.580800733005189045e+02
2.584403792850906711e+02
2.590907400594823571e+02
2.604352750787194850e+02
2.606776947156564006e+02
2.622363190069390839e+02
2.624312126473096214e+02
2.625669755807215324e+02
2.627686825644391320e+02
2.629697655435841739e+02
2.634835560478912839e+02
2.652391083494974282e+02
2.658350939127606125e+02
2.668033886851469560e+02
2.675754739723794273e+02
2.700918019224778845e+02
2.701860038791015768e+02
2.702030094891104000e+02
2.704503691480623502e+02
2.715182645814085731e+02
2.717865147546929165e+02
2.723139749622494605e+02
2.724022824980873452e+02
2.727066471491663151e+02
2.732424413085643096e+02
2.735727425978129759e+02
2.740611823735528105e+02
2.742945520680240179e+02
2.746412613527650137e+02
2.754146957231964166e+02
2.760193785388690912e+02
2.771034991248762367e+02
2.772572442513601914e+02
2.773275691951474755e+02
2.778368380310147359e+02
2.784380236036498104e+02
2.790407178523653329e+02
2.793591607251248092e+02
2.796629627599963328e+02
2.806623943799484664e+02
2.810463072725112852e+02
2.814485406928789075e+02
2.830195016242934116e+02
2.834757447762175389e+02
2.835266587762564541e+02
2.837302393653165495e+02
2.841945783179813247e+02
2.846683836575134592e+02
2.878023264574820246e+02
2.882412644589001616e+02
2.883943671018689656e+02
2.888800202899865326e+02
2.897723235797060397e+02
2.908076457648394921e+02
2.908275364318316747e+02
2.908382427690223722e+02
2.910507911538571761e+02
2.911293197602362284e+02
2.914996011508544598e+02
2.919391090460570695e+02
2.922734434525616507e+02
2.931488919717559725e+02
2.932054087152964712e+02
2.944968886464405955e+02
2.954305550050303850e+02
2.958825623897309356e+02
2.969334838345245089e+02
2.971771606066279219e+02
2.974277564988144036e+02
2.974303939488331707e+02
2.974638547131769997e+02
2.975104514290832753e+02
2.981173404569640866e+02
2.984182497184183376e+02
3.001265395961554532e+02
3.023418691957023157e+02
3.025367885716507885e+02
3.040202012854374516e+02
3.056067327365140045e+02
3.059312271874200064e+02
3.066300591920431202e+02
3.081349924539816811e+02
3.091928950764858541e+02
3.137183447341646456e+02
3.142077150833868018e+02
3.162408224761803694e+02
3.162990314875650029e+02
3.164403223075086089e+02
3.165875442277014145e+02
3.172973799423173205e+02
3.178044805336883769e+02
3.186622851279506108e+02
3.212305852623544524e+02
3.253864154132216981e+02
3.256078991607863600e+02
3.294277669851762198e+02
3.298810746949511099e+02
3.320193090610213744e+02
3.323612223017396445e+02
3.342539675063861182e+02
3.346274432150481175e+02
3.357046037079328471e+02
3.373129423454715834e+02
3.375659273276298222e+02
3.394225971156589594e+02
3.407784656499315474e+02
3.411368073976792061e+02
3.430613028815376424e+02
3.448702825885412153e+02
3.463252363866840255e+02
3.478716097555112015e+02
3.482079640646931580e+02
3.485114646088228483e+02
3.488482144250646684e+02
3.490904994272312933e+02
3.491663704760917426e+02
3.507625062484762566e+02
3.508985568449185735e+02
3.509337047187303824e+02
3.521336866248441879e+02
3.523495484960217254e+02
3.524294123442692239e+02
3.531765128162971337e+02
3.535021003809130775e+02
3.542373186671522944e+02
3.553955256874210704e+02
3.571635313032070940e+02
3.573397961066123116e+02
3.584498789212884162e+02
3.589872787804938525e+02
3.590047660352815910e+02
3.593895738159985740e+02
3.616399504533114850e+02
3.625379073671799688e+02
3.627835599715234594e+02
3.629582413090934097e+02
3.630560815013701017e+02
3.635661158676894047e+02
3.639200315614587566e+02
3.642515292522341497e+02
3.644570035249043372e+02
3.647708315142252786e+02
3.653751806674792419e+02
3.655722618954749805e+02
3.662490982694441186e+02
3.674007449168743165e+02
3.674253935248817129e+02
3.675491719314425723e+02
3.675621020996777588e+02
3.685192154438551029e+02
3.692498388274652825e+02
3.698948167359025092e+02
3.699573794741693860e+02
3.702340288869628466e+02
3.702528348669795264e+02
3.705650140164914319e+02
3.716768079645025864e+02
3.719343267981988674e+02
3.722501335454391551e+02
3.728310138139117953e+02
3.734038693540195482e+02
3.747513462526065950e+02
3.753598372157438803e+02
3.756337685853864627e+02
3.761500660505438418e+02
3.769614095335566617e+02
3.779018160126728958e+02
3.789109260667771650e+02
3.793323580017711265e+02
3.811932747375289523e+02
3.812560724541148716e+02
3.817708062815518701e+02
3.819983474236485677e+02
3.830739118235311480e+02
3.838993169662815603e+02
3.852238236103567601e+02
3.854900015606947363e+02
3.859742855176409080e+02
3.879075087075298711e+02
3.885158780402526872e+02
3.887306666176530143e+02
3.888588513127850206e+02
3.902930186558588161e+02
3.909357475374551427e+02
3.915049344179432751e+02
3.923993551523424230e+02
3.928648980675015423e+02
3.931522833430665287e+02
3.934474229173941922e+02
3.939461527616092553e+02
3.948796548692175747e+02
3.958995030128051553e+02
3.988716320165798379e+02
3.990662103669480985e+02
3.993963019865633441e+02
4.004555456412887224e+02
4.005817983933956725e+02
4.006627827635405197e+02
4.011326002443011021e+02
4.017340325218791577e+02
4.017642186850107464e+02
4.017797162115057290e+02
4.023610740188981936e+02
4.024458540162750637e+02
4.025194500344356925e+02
4.029541206905414015e+02
4.040733606770357369e+02
4.043300467477503730e+02
4.044359885944930966e+02
4.048947783697324212e+02
4.070463693693350251e+02
4.070508643142826486e+02
4.079743907573440538e+02
4.093004521448195874e+02
4.093653153656617860e+02
4.096525659450193757e+02
4.097042481551630431e+02
4.099626183599343108e+02
4.103154419227856806e+02
4.108462912309493049e+02
4.114563222622879266e+02
4.118367942695141437e+02
4.122903968779207844e+02
4.125784064645021658e+02
4.136404197328983514e+02
4.143868544468969617e+02
4.146443895318365662e+02
4.153962524513054291e+02
4.156464978928559049e+02
4.157235711694971201e+02
4.158773412716910798e+02
4.160604819551579112e+02
4.160822054610588339e+02
4.164673407904735996e+02
4.170751693354089298e+02
4.174184291341037465e+02
4.183767760950971706e+02
4.187653687910214444e+02
4.200870232596212190e+02
4.201708684816816231e+02
4.203617120647234060e+02
4.211218827742363828e+02
4.214122460297080579e+02
4.219368003381763401e+02
4.226337660489015775e+02
4.235057560356239605e+02
4.235366202194131233e+02
4.240297640955978409e+02
4.247626285500168137e+02
4.252709412870074743e+02
4.264389690004160798e+02
4.268190751591048411e+02
4.271026701528749072e+02
4.272801525762172332e+02
4.272821669196533207e+02
4.275280669030697709e+02
4.275780967208983157e+02
4.279266754106901658e+02
4.285747920513209124e+02
4.323302692924515895e+02
4.329828409397603650e+02
4.330012400257652985e+02
4.332166136342478922e+02
4.337728753138019897e+02
4.347300419683541008e+02
4.357248506843754399e+02
4.360382625343344216e+02
4.362111380494579862e+02
4.373605076175645081e+02
4.376313093111964463e+02
4.387382220580934131e+02
4.393359472030821280e+02
4.404554515829065053e+02
4.407959303042449619e+02
4.418129614019259748e+02
4.425242282864779781e+02
4.437717766947874338e+02
4.438093632359419871e+02
4.438635718521170475e+02
4.440377657929367956e+02
4.447404535698638597e+02
4.447894760931462201e+02
4.456614366526935669e+02
4.464603187960752848e+02
4.471926045689575062e+02
4.473880807124049852e+02
4.475638226669891537e+02
4.476345494104816112e+02
4.482689331400891319e+02
4.487515491762701458e+02
4.487651786734389248e+02
4.502838411191854675e+02
4.514075818920459255e+02
4.520337195160474835e+02
4.520875179174666982e+02
4.521209428521298150e+02
4.527799370576537967e+02
4.529381561694276002e+02
4.529704479067017928e+02
4.592660536766722998e+02
4.593567698939029924e+02
4.593717644880925945e+02
4.594064896382728875e+02
4.606055502311743908e+02
4.617165160498531691e+02
4.623156276072714945e+02
4.639601062433951029e+02
4.645842191274289803e+02
4.662302575529016053e+02
4.686511219816355833e+02
4.688344546314735339e+02
4.694286728981859369e+02
4.703199891814375633e+02
4.726588596273684288e+02
4.736812144345964839e+02
4.740543137118635286e+02
4.746500265955717737e+02
4.746659894625294100e+02
4.753038618672454163e+02
4.760789977987644193e+02
4.761361595085364229e+02
4.768449141183849633e+02
4.805898959629863043e+02
4.820240797398057566e+02
4.863635266191943174e+02
4.863914188196428086e+02
4.880774461042537382e+02
4.881925277271574828e+02
4.888463571100330114e+02
4.896078577980775322e+02
4.905033149450384258e+02
4.906889520021015869e+02
4.907349659533815611e+02
4.923937172246154432e+02
4.972565945972729082e+02
4.972785778424517957e+02
4.975289502622747477e+02
4.987602871019139457e+02
4.990805634860153077e+02
4.992325633904774804e+02
4.992469706676909595e+02
4.998241199029824884e+02
5.006591743624313153e+02
5.011304667526547405e+02
5.019433659241246346e+02
5.037604222775881908e+02
5.040654234836222827e+02
5.077381904071581857e+02
5.088338057006513395e+02
5.094115841719512332e+02
5.104560759072654719e+02
5.115924601234995635e+02
5.134024091586030636e+02
5.145914027962718365e+02
5.153353798983947627e+02
5.171182793138469833e+02
5.174540428504935790e+02
5.181429877097090184e+02
5.202638332695457848e+02
5.203448754926737365e+02
5.205634310730791867e+02
5.216515972375102592e+02
5.227731796123460981e+02
5.233182120838503124e+02
5.237449978322980542e+02
5.243598701916541813e+02
5.246552686119900955e+02
5.246819032328736512e+02
5.264093874162731481e+02
5.278389398049906731e+02
5.282289853787873426e+02
5.307160701375865983e+02
5.311837025435798978e+02
5.318351767982676392e+02
5.339540679508210133e+02
5.353704875584415959e+02
5.362636033827523079e+02
5.367173289948742649e+02
5.380040875277998111e+02
5.380076925225948798e+02
5.387976709693621160e+02
5.388857926400656879e+02
5.390234492883846542e+02
5.401543658612720265e+02
5.404532060114473779e+02
5.417893298898200101e+02
5.417925171101463775e+02
5.442246853795127208e+02
5.443079597933909781e+02
5.453225252282519477e+02
5.459582176177784731e+02
5.460529730783927107e+02
5.462411847669352483e+02
5.463045375079634596e+02
5.466180594063763465e+02
5.469163400664585879e+02
5.486191432470607197e+02
5.488512756814681097e+02
5.492478599453651213e+02
5.499159209268476616e+02
5.499929418321532921e+02
5.503636166416970354e+02
5.507195669078334959e+02
5.534092868896692607e+02
5.536768370232259713e+02
5.553241040377228046e+02
5.564561097074739564e+02
5.587063866755825075e+02
5.587646889701649116e+02
5.598061011274933207e+02
5.599135695580317815e+02
5.609368730505932490e+02
5.614783939059565228e+02
5.623029073269884748e+02
5.623154523498217259e+02
5.628497372289953091e+02
5.647479421713658212e+02
5.655077387838366576e+02
5.655521675056968434e+02
5.676019942024805687e+02
5.688784313918404223e+02
5.695913253185285612e+02
5.715590927186685803e+02
5.726039673623437238e+02
5.731646906290374091e+02
5.737380155914410125e+02
5.745008143821369231e+02
5.760217154066619969e+02
5.768965832027165561e+02
5.772175633439263720e+02
5.782011459739443353e+02
5.782219930477662047e+02
5.784706793162353051e+02
5.787975673378073225e+02
5.792233765768040712e+02
5.793079967800407530e+02
5.794252621069186944e+02
5.795470021099786209e+02
5.798072254702167356e+02
5.810036404694548082e+02
5.819647584757989307e+02
5.836416820830966117e+02
5.868490410065718379e+02
5.910218686200803404e+02
5.916889434630256801e+02
5.974197102476503005e+02
