0.000000
0.017292
0.083061
0.099658
0.352614
0.419249
0.568356
0.596857
0.631886
0.859968
0.913014
0.961028
1.049681
1.213699
1.283642
1.356160
1.376425
1.583649
1.666617
1.755012
1.956800
2.001920
2.101056
2.112075
2.118002
2.250481
2.282194
2.306034
2.367921
2.401679
2.439863
2.498398
2.622453
2.627865
2.745629
2.759800
2.785542
2.824757
2.852940
2.916117
2.923020
3.031896
3.051151
3.099507
3.104910
3.216300
3.258270
3.278637
3.321024
3.343058
3.354907
3.372357
3.451713
3.581291
3.585928
3.594727
3.604874
3.776782
3.821950
3.949072
3.992623
4.017737
4.112486
4.116062
4.146791
4.299382
4.320312
4.326357
4.452387
4.558438
4.772499
4.778895
4.814942
4.859273
4.940544
5.042968
5.114126
5.365792
5.387027
5.462405
5.531963
5.597597
5.669666
5.672596
5.710376
5.769263
5.773877
5.816510
5.860821
5.878528
5.887927
5.942429
5.986731
6.038533
6.082932
6.103786
6.127209
6.163698
6.166291
6.186356
6.348898
6.385625
6.388073
6.416374
6.439531
6.451884
6.486408
6.538816
6.697162
6.702030
6.764388
6.793984
6.843134
6.844133
6.923654
6.935554
6.943443
7.041836
7.203051
7.213459
7.255632
7.302204
7.363652
7.508957
7.599978
7.632030
7.653233
7.699388
7.737866
7.739875
7.789546
7.866705
7.866745
7.880196
7.959820
7.977068
8.050997
8.072137
8.085276
8.097947
8.119718
8.225565
8.264664
8.302419
8.307471
8.317588
8.356530
8.429249
8.431534
8.453613
8.585423
8.621892
8.624371
8.630304
8.642631
8.646202
8.865108
8.871773
8.885302
8.930105
8.982897
8.986544
9.041511
9.091914
9.107559
9.108311
9.129568
9.137015
9.163735
9.334010
9.364360
9.492173
9.499759
9.521961
9.613189
9.613288
9.636796
9.667056
9.738647
9.830755
9.866909
9.874969
9.951848
10.125884
10.277956
10.326667
10.401085
10.443101
10.550223
10.593515
10.700387
10.726827
10.743655
10.764115
10.874173
10.891001
10.903269
10.907764
11.029498
11.273263
11.435237
11.474721
11.710481
11.714424
11.731863
11.736569
11.764362
11.792362
11.792710
11.844970
11.950453
12.109979
12.161317
12.186882
12.188182
12.278479
12.356299
12.409125
12.563873
12.566122
12.571821
12.681285
12.687523
12.763737
12.848524
12.890006
12.985715
13.036377
13.059860
13.128704
13.194252
13.212799
13.298718
13.407257
13.427765
13.466651
13.469703
13.568289
13.672471
13.890201
13.907887
13.909082
13.950297
14.017306
14.180787
14.213993
14.241505
14.272034
14.373649
14.401684
14.607180
14.651891
14.656215
14.671166
14.723114
14.905888
14.977836
15.032002
15.033384
15.050820
15.118442
15.134286
15.134818
15.153356
15.409484
15.462257
15.463406
15.509965
15.542583
15.641164
15.659741
15.671807
15.710122
15.750288
15.811287
15.821455
15.830922
15.895280
15.931737
16.007589
16.075743
16.120087
16.239993
16.260683
16.648493
16.695820
16.829600
16.904063
16.957005
16.982450
16.988199
17.032347
17.137442
17.145297
17.173665
17.287717
17.298138
17.408747
17.497465
17.539272
17.596631
17.622567
17.641403
17.683550
17.687764
17.746770
17.777008
17.838520
17.840570
17.849723
17.866422
17.884650
17.919553
17.922293
17.933908
17.986531
18.056938
18.069031
18.115430
18.158825
18.370897
18.487186
18.524321
18.525464
18.541279
18.543814
18.579732
18.586012
18.835739
18.995220
19.006148
19.031391
19.045390
19.092442
19.123828
19.195218
19.277336
19.321514
19.341782
19.411159
19.465481
19.491289
19.511158
19.753845
19.858453
19.864822
19.910899
19.977980
20.050839
20.069021
20.204139
20.250912
20.267649
20.270214
20.394467
20.465546
20.766212
20.819860
20.862101
20.866512
20.888485
20.930837
20.948568
21.044528
21.074729
21.136367
21.211852
21.411841
21.489676
21.546710
21.548353
21.550243
21.574030
21.646223
21.805208
21.867118
21.918823
21.921637
22.003379
22.005398
22.045893
22.054197
22.104465
22.147394
22.158260
22.163939
22.230735
22.247885
22.274525
22.289723
22.322996
22.345643
22.363713
22.414442
22.429541
22.434406
22.440340
22.441362
22.459376
22.645131
22.675531
22.707902
22.774285
22.807943
22.825619
22.861947
22.881188
22.921690
23.043215
23.080798
23.293489
23.300141
23.326836
23.419064
23.538058
23.551225
23.558181
23.623185
23.653360
23.889728
23.910690
23.912528
23.933841
23.935958
24.091752
24.147991
24.209606
24.327574
24.385463
24.437578
24.485294
24.494178
24.608169
24.652854
24.799970
24.822459
24.881010
24.951975
25.036862
25.278634
25.296900
25.393986
25.459867
25.548349
25.575098
25.688750
25.785207
25.892065
25.900759
25.916645
25.965819
25.982723
26.075972
26.081727
26.183363
26.192825
26.193769
26.225758
26.300340
26.330045
26.392053
26.422270
26.449741
26.487587
26.513595
26.535916
26.546026
26.553049
26.571022
26.814225
26.925433
27.020210
27.055579
27.076992
27.108865
27.115851
27.150293
27.177299
27.182146
27.354159
27.390544
27.446019
27.645293
27.717740
27.767191
27.770690
27.803349
27.838451
27.895742
27.978185
28.033671
28.047409
28.092895
28.128421
28.155138
28.171874
28.192973
28.199265
28.221679
28.247036
28.287723
28.288551
28.308175
28.397996
28.422232
28.480648
28.577505
28.611739
28.619941
28.733367
28.737093
28.790979
28.795430
28.839659
28.918697
29.087262
29.127674
29.135483
29.216535
29.417567
29.453703
29.575620
29.581380
29.582208
29.603766
29.634609
29.691850
29.696440
29.702832
29.827278
29.866285
29.947675
30.009605
30.040511
30.118833
30.119724
30.178400
30.216862
30.227352
30.229194
30.268894
30.309280
30.316367
30.328813
30.343874
30.372261
30.376476
30.412800
30.416965
30.463396
30.477260
30.490436
30.525576
30.598082
30.616081
30.740245
30.775645
30.790258
30.803524
30.806383
30.830975
30.856703
30.963056
31.053316
31.066190
31.071993
31.127877
31.233172
31.240936
31.269848
31.292829
31.300788
31.303115
31.383782
31.644492
31.728874
31.889773
31.909866
31.918892
31.956935
31.965225
31.970780
31.993817
32.101906
32.155338
32.167035
32.302422
32.318407
32.359007
32.445878
32.505704
32.507153
32.592571
32.593272
32.626921
32.759096
32.765982
32.783313
32.826663
32.834998
32.857883
32.879862
32.913523
32.952733
32.957243
32.960122
33.121629
33.223232
33.287535
33.329701
33.351512
33.446274
33.493435
33.515040
33.588197
33.601066
33.668167
33.750372
33.775677
33.926486
33.945324
33.982106
33.989871
33.991975
34.069918
34.085245
34.151465
34.279005
34.348364
34.465417
34.508030
34.749666
34.811827
34.840910
34.916177
34.939597
34.942974
34.990281
35.105901
35.107975
35.125801
35.126576
35.145927
35.166588
35.275787
35.308401
35.316839
35.326606
35.345571
35.576512
35.607392
35.615077
35.662149
35.698574
35.773325
35.937767
35.972343
36.149656
36.155616
36.162398
36.288874
36.451657
36.572081
36.586269
36.603654
36.611612
36.668631
36.673796
36.707940
36.710342
36.774738
36.828855
36.838410
36.970087
36.971012
36.973954
36.985835
37.011754
37.068646
37.070781
37.159505
37.251270
37.272240
37.272256
37.291454
37.302512
37.402674
37.487400
37.501859
37.720138
37.724991
37.744722
37.936402
38.115441
38.168375
38.220857
38.262506
38.302689
38.368189
38.498345
38.613377
38.688420
38.760939
38.768662
38.786661
38.787519
38.837589
38.839704
38.862373
38.919691
39.004222
39.048135
39.202353
39.232982
39.384776
39.461416
39.497130
39.551369
39.605864
39.614444
39.655828
39.668408
39.691639
39.922968
39.933890
39.958868
40.160760
40.177018
40.249367
40.249750
40.263141
40.301589
40.368047
40.368213
40.389979
40.494150
40.528894
40.620591
40.664736
40.755159
40.857349
40.891645
40.998998
41.017691
41.020345
41.039808
41.170513
41.198965
41.258596
41.317763
41.318691
41.346984
41.384132
41.513554
41.519130
41.614655
41.641419
41.745389
42.147720
42.209016
42.245734
42.282643
42.288773
42.333900
42.342843
42.392267
42.492184
42.515104
42.536408
42.558829
42.617862
42.619049
42.642329
42.656924
42.669450
42.691424
42.692090
42.792051
42.799972
42.948018
42.990844
43.022924
43.057020
43.116893
43.175245
43.205299
43.292400
43.306677
43.456216
43.480974
43.483401
43.486491
43.544293
43.558085
43.568957
43.638589
43.648425
43.782861
43.784315
43.810951
43.903347
43.929431
44.069503
44.079465
44.089033
44.210682
44.215041
44.270306
44.329889
44.440991
44.449576
44.495360
44.587443
44.600051
44.612645
44.724392
44.732165
44.785744
44.830745
44.860608
44.962147
44.986426
44.991680
45.200396
45.211203
45.266187
45.374689
45.420718
45.432364
45.481163
45.521387
45.649741
45.691970
45.752908
45.758172
45.766143
45.877883
45.915946
45.949342
46.010859
46.026318
46.073492
46.225035
46.244175
46.266335
46.291798
46.357021
46.391815
46.429146
46.650169
46.759380
46.768956
46.769886
46.864938
47.012955
47.035438
47.039650
47.047238
47.200975
47.394325
47.424589
47.457619
47.602389
47.604509
47.637012
47.643455
47.644552
47.651995
47.797683
47.799253
47.812998
47.919332
47.961544
48.002599
48.015615
48.195574
48.356655
48.417479
48.515471
48.756917
48.790561
48.822867
48.850559
48.873780
48.884848
48.909153
48.929978
48.986704
48.992423
49.250673
49.382227
49.385233
49.451774
49.646803
49.714887
49.721092
49.929616
49.944286
50.071569
50.075657
50.083776
50.115090
50.121259
50.123813
50.144225
50.165172
50.224676
50.283894
50.295947
50.305937
50.313663
50.401695
50.402689
50.449386
50.549290
50.644377
50.650613
50.673927
50.675074
50.707938
50.748820
50.757608
50.851488
50.888043
51.134658
51.151217
51.197830
51.245861
51.348509
51.374477
51.386856
51.452234
51.462256
51.496745
51.522873
51.607553
51.737267
51.940802
51.954717
52.093982
52.130093
52.240361
52.249783
52.371410
52.459820
52.512981
52.578049
52.614358
52.654865
52.676459
52.756630
52.849602
52.874183
52.902027
52.931073
52.938482
52.970106
53.067801
53.115929
53.172896
53.189782
53.210786
53.250221
53.290460
53.445380
53.464719
53.493162
53.572348
53.578712
53.592371
53.596061
53.611767
53.636756
53.672636
53.787658
54.097021
54.116766
54.160503
54.237156
54.258995
54.271685
54.390079
54.419207
54.436541
54.604031
54.678520
54.716997
54.719453
54.763174
54.820375
54.939029
54.939051
54.947511
54.976663
54.978307
55.042268
55.139743
55.171279
55.289816
55.387884
55.445700
55.534782
55.643371
55.699071
55.725863
55.752101
55.758135
55.854806
55.961616
56.089420
56.093300
56.106220
56.149903
56.154859
56.173875
56.196091
56.198685
56.283941
56.332137
56.383730
56.384897
56.423157
56.524883
56.589450
56.669423
56.707064
56.707207
56.717396
56.786487
56.808810
56.920938
57.083296
57.157549
57.158032
57.194672
57.519110
57.521188
57.535094
57.558447
57.605845
57.610105
57.667551
57.679462
57.917924
57.960519
58.034927
58.169596
58.219058
58.314360
58.400808
58.426849
58.468940
58.525341
58.525669
58.542178
58.617152
58.664482
58.684066
58.686503
58.788673
58.878818
58.921246
58.943630
59.001907
59.070182
59.108855
59.138510
59.283476
59.378269
59.389628
59.409622
59.451128
59.605494
59.625958
59.653288
59.658787
59.747984
59.787592
59.822456
59.836543
59.874754
