5.146123573950611707e-01
1.452090304204986637e+00
3.487346516301045973e+00
3.899863008405066278e+00
3.900466011060912841e+00
4.545624180177515683e+00
4.585112746335845202e+00
4.991844553958993735e+00
5.308477766956904098e+00
7.280728504951047952e+00
7.303616213380453637e+00
7.606056073988442634e+00
9.159046082342293005e+00
1.079862546605289353e+01
1.140174960542589844e+01
1.311891079080594658e+01
1.496646210492591500e+01
1.502787529358021956e+01
1.529632236805948686e+01
1.770181444490113876e+01
1.829984854528512628e+01
1.962939903482534021e+01
2.081106602001054284e+01
2.165440364437337806e+01
2.424774630404985842e+01
2.585971302788045989e+01
2.616126031799994323e+01
2.662628982463198923e+01
2.744180285015959697e+01
2.805095587111946998e+01
2.926310309218228767e+01
3.146949954000042382e+01
3.261534422933426924e+01
3.600381234349003279e+01
3.737942275278175686e+01
4.018862129753595980e+01
4.156305710884954863e+01
4.210582566280392314e+01
4.520993370291152758e+01
4.773301005196955060e+01
4.872213843133333455e+01
4.914080082686398043e+01
5.462136138813817610e+01
6.366775698358199520e+01
6.494749947027712267e+01
6.937832058402786117e+01
7.237068376069122166e+01
7.304685587557791848e+01
7.348747353910472668e+01
7.423961569411396511e+01
8.313325826908160820e+01
8.471693224223704988e+01
1.018637660919942647e+02
1.035231056243690659e+02
1.200549245188509957e+02
1.246721734150129350e+02
1.426714335961904396e+02
1.453865357113708683e+02
1.528967264881282517e+02
1.655824531706889502e+02
1.715775856468898439e+02
1.827745580428915559e+02
2.029898561484575339e+02
2.106885254589637384e+02
2.118053731290487463e+02
2.123448899091097815e+02
2.130683207345498431e+02
2.140319299392374148e+02
2.159389367838803366e+02
2.178311196805748864e+02
2.190196262154224200e+02
2.192741794988640152e+02
2.221803185644081680e+02
2.251738032632797797e+02
2.259221736838633205e+02
2.262869687812497261e+02
2.269244977457198331e+02
2.277512981131919219e+02
2.279966341833420813e+02
2.286223718022805826e+02
2.290305321813501109e+02
2.296642514721509087e+02
2.305526952617682639e+02
2.306983790635485434e+02
2.307199541372905571e+02
2.309890472666743051e+02
2.312323057287218830e+02
2.312945573956341150e+02
2.319661616059152891e+02
2.321210123594366905e+02
2.322437863228441870e+02
2.325219577454192290e+02
2.329500868742966020e+02
2.330800733005188761e+02
2.334403792850906996e+02
2.340907400594823571e+02
2.352595730758907564e+02
2.354352750787194850e+02
2.356776947156564006e+02
2.372363190069390839e+02
2.374312126473096214e+02
2.375669755807215324e+02
2.377686825644391320e+02
2.379697655435841455e+02
2.384835560478912555e+02
2.402391083494974282e+02
2.408350939127605841e+02
2.425754739723794557e+02
2.438887784635762159e+02
2.450918019224778561e+02
2.451860038791015768e+02
2.452030094891104284e+02
2.454503691480623218e+02
2.465182645814085731e+02
2.467865147546929450e+02
2.473139749622494321e+02
2.474022824980873452e+02
2.476891618481523096e+02
2.477066471491663435e+02
2.482424413085643380e+02
2.485727425978129759e+02
2.490611823735527821e+02
2.492945520680240179e+02
2.496412613527650137e+02
2.501265395961554532e+02
2.502299262904157331e+02
2.504146957231964166e+02
2.510193785388690912e+02
2.521034991248762083e+02
2.522572442513602198e+02
2.523275691951474755e+02
2.523418691957023157e+02
2.525367885716507885e+02
2.528368380310147359e+02
2.534380236036498388e+02
2.540202012854374800e+02
2.540407178523653329e+02
2.543591607251247808e+02
2.546629627599963612e+02
2.556067327365140045e+02
2.556623943799484380e+02
2.559312271874200064e+02
2.559409385998099822e+02
2.560463072725112852e+02
2.560997410844771025e+02
2.564485406928789075e+02
2.566300591920431202e+02
2.580195016242934116e+02
2.581349924539816811e+02
2.584757447762175389e+02
2.585266587762564541e+02
2.587302393653165495e+02
2.591928950764858541e+02
2.591945783179813247e+02
2.596683836575134592e+02
2.598274431166690306e+02
2.623129423454715834e+02
2.625659273276298222e+02
2.628023264574820246e+02
2.632412644589001616e+02
2.633943671018689656e+02
2.637183447341646456e+02
2.638800202899865326e+02
2.642077150833868018e+02
2.644225971156589594e+02
2.647723235797060397e+02
2.651607264914897542e+02
2.657784656499315474e+02
2.658076457648394921e+02
2.658275364318316747e+02
2.658382427690223722e+02
2.660507911538571761e+02
2.661293197602362284e+02
2.662408224761803694e+02
2.662990314875650029e+02
2.664403223075086089e+02
2.664996011508544598e+02
2.665875442277014145e+02
2.669391090460570695e+02
2.672734434525616507e+02
2.672973799423173205e+02
2.678044805336883769e+02
2.681488919717559725e+02
2.682054087152964712e+02
2.686622851279506108e+02
2.690404903832179571e+02
2.694968886464405955e+02
2.698702825885412153e+02
2.704305550050303850e+02
2.708825623897309356e+02
2.712305852623544524e+02
2.719334838345245089e+02
2.721771606066279219e+02
2.723011638794278042e+02
2.724277564988144036e+02
2.724303939488331707e+02
2.724638547131769997e+02
2.725104514290832753e+02
2.731173404569640866e+02
2.734182497184183376e+02
2.743252638688111347e+02
2.753864154132216981e+02
2.756078991607863600e+02
2.757625062484762566e+02
2.758985568449185735e+02
2.759337047187303824e+02
2.762920430292151650e+02
2.771336866248441879e+02
2.773495484960217254e+02
2.774294123442692239e+02
2.781765128162971337e+02
2.785021003809130775e+02
2.792373186671522944e+02
2.794277669851762198e+02
2.803955256874210704e+02
2.820193090610213744e+02
2.821635313032070940e+02
2.823397961066123116e+02
2.823612223017396445e+02
2.829230501289069366e+02
2.834498789212884162e+02
2.839872787804938525e+02
2.840047660352815910e+02
2.842539675063861182e+02
2.843895738159985740e+02
2.846274432150481175e+02
2.857046037079328471e+02
2.866399504533114850e+02
2.875379073671799688e+02
2.877835599715234594e+02
2.879075087075298711e+02
2.879582413090934097e+02
2.880560815013701017e+02
2.882838657892036736e+02
2.885158780402526872e+02
2.885661158676894047e+02
2.889200315614587566e+02
2.892515292522341497e+02
2.894570035249043372e+02
2.897708315142252786e+02
2.903751806674792419e+02
2.905722618954749805e+02
2.909357475374551427e+02
2.911368073976792061e+02
2.912490982694441186e+02
2.924007449168743165e+02
2.924253935248817129e+02
2.925491719314425723e+02
2.925621020996777588e+02
2.931522833430665287e+02
2.935192154438551029e+02
2.942498388274652825e+02
2.948948167359025092e+02
2.949573794741693860e+02
2.952340288869628466e+02
2.952528348669795264e+02
2.955650140164914319e+02
2.962784167879214010e+02
2.963252363866840255e+02
2.966768079645025864e+02
2.969343267981988674e+02
2.972501335454391551e+02
2.978310138139117953e+02
2.978716097555112015e+02
2.982079640646931580e+02
2.984038693540195482e+02
2.985114646088228483e+02
2.988482144250646684e+02
2.990904994272312933e+02
2.991663704760917426e+02
2.993963019865633441e+02
2.997513462526065950e+02
3.003598372157438803e+02
3.006337685853864627e+02
3.010182200579742471e+02
3.011500660505438418e+02
3.019614095335566617e+02
3.024458540162750637e+02
3.029018160126728958e+02
3.039109260667771650e+02
3.043323580017711265e+02
3.061932747375289523e+02
3.062560724541148716e+02
3.067708062815518701e+02
3.069983474236485677e+02
3.088993169662815603e+02
3.102238236103567601e+02
3.104900015606947363e+02
3.109742855176409080e+02
3.118543457271831585e+02
3.122903968779207844e+02
3.137306666176530143e+02
3.138588513127850206e+02
3.152930186558588161e+02
3.165049344179432751e+02
3.173993551523424230e+02
3.175914464845005796e+02
3.178648980675015423e+02
3.184474229173941922e+02
3.189461527616092553e+02
3.208995030128051553e+02
3.213865146002751771e+02
3.238716320165798379e+02
3.240662103669480985e+02
3.254555456412887224e+02
3.255817983933956725e+02
3.256627827635405197e+02
3.261326002443011021e+02
3.267340325218791577e+02
3.267642186850107464e+02
3.267797162115057290e+02
3.273610740188981936e+02
3.275194500344356925e+02
3.279541206905414015e+02
3.290733606770357369e+02
3.294359885944930966e+02
3.298947783697324212e+02
3.320463693693350251e+02
3.320508643142826486e+02
3.329743907573440538e+02
3.343004521448195874e+02
3.343653153656617860e+02
3.346525659450193757e+02
3.347042481551630431e+02
3.349626183599343108e+02
3.353154419227856806e+02
3.358462912309493049e+02
3.364563222622879266e+02
3.375784064645021658e+02
3.386404197328983514e+02
3.393868544468969617e+02
3.396443895318365662e+02
3.403962524513054291e+02
3.406464978928559049e+02
3.407235711694971201e+02
3.408773412716910798e+02
3.410604819551579112e+02
3.410822054610588339e+02
3.414673407904735996e+02
3.420751693354089298e+02
3.424184291341037465e+02
3.433767760950971706e+02
3.437653687910214444e+02
3.450870232596212190e+02
3.451708684816816231e+02
3.453617120647234060e+02
3.461218827742363828e+02
3.464122460297080579e+02
3.469368003381763401e+02
3.476337660489015775e+02
3.485057560356239605e+02
3.485366202194131233e+02
3.490297640955978409e+02
3.497626285500168137e+02
3.502709412870074743e+02
3.502838411191854675e+02
3.503038618672454163e+02
3.510789977987644193e+02
3.514075818920459255e+02
3.514389690004160798e+02
3.518190751591048411e+02
3.518449141183849633e+02
3.520337195160474835e+02
3.520875179174666982e+02
3.521026701528749072e+02
3.521209428521298150e+02
3.522801525762172332e+02
3.522821669196533207e+02
3.525280669030697709e+02
3.525780967208983157e+02
3.527799370576537967e+02
3.529266754106901658e+02
3.529381561694276002e+02
3.529704479067017928e+02
3.535747920513209124e+02
3.555898959629863043e+02
3.571428021570465035e+02
3.573302692924515895e+02
3.579828409397603650e+02
3.580012400257652985e+02
3.582166136342478922e+02
3.587728753138019897e+02
3.592660536766722998e+02
3.593567698939029924e+02
3.593717644880925945e+02
3.594064896382728875e+02
3.597300419683541008e+02
3.606055502311743908e+02
3.607248506843754399e+02
3.610382625343344216e+02
3.612111380494579862e+02
3.617165160498531691e+02
3.623156276072714945e+02
3.623605076175645081e+02
3.626313093111964463e+02
3.630774461042537382e+02
3.631925277271574828e+02
3.637382220580934131e+02
3.638463571100330114e+02
3.639601062433951029e+02
3.643359472030821280e+02
3.645842191274289803e+02
3.654554515829065053e+02
3.657959303042449619e+02
3.662302575529016053e+02
3.668129614019259748e+02
3.675242282864779781e+02
3.676560556789124234e+02
3.686511219816355833e+02
3.687717766947874338e+02
3.688093632359419871e+02
3.688344546314735339e+02
3.688635718521170475e+02
3.690377657929367956e+02
3.694286728981859369e+02
3.697404535698638597e+02
3.697894760931462201e+02
3.703199891814375633e+02
3.705465014822589183e+02
3.706614366526935669e+02
3.714603187960752848e+02
3.717149782047364965e+02
3.721926045689575062e+02
3.722785778424517957e+02
3.723880807124049852e+02
3.725638226669891537e+02
3.726345494104816112e+02
3.726588596273684288e+02
3.732689331400891319e+02
3.736812144345964839e+02
3.737515491762701458e+02
3.737651786734389248e+02
3.740543137118635286e+02
3.740805634860153077e+02
3.742325633904774804e+02
3.742469706676909595e+02
3.746500265955717737e+02
3.746659894625294100e+02
3.748241199029824884e+02
3.753636166416970354e+02
3.756591743624313153e+02
3.757195669078334959e+02
3.761304667526547405e+02
3.761361595085364229e+02
3.764093874162732050e+02
3.769433659241246346e+02
3.778389398049907300e+02
3.782289853787873994e+02
3.783503807112660411e+02
3.784092868896692607e+02
3.786768370232259713e+02
3.787604222775881908e+02
3.790654234836222827e+02
3.797030289930940512e+02
3.803241040377227478e+02
3.807160701375865415e+02
3.811837025435799546e+02
3.814561097074739564e+02
3.818351767982676392e+02
3.819345295745283124e+02
3.820240797398057566e+02
3.827381904071581857e+02
3.837063866755825075e+02
3.837646889701649116e+02
3.838338057006513395e+02
3.839540679508210133e+02
3.844115841719512332e+02
3.845222714157755490e+02
3.848061011274933207e+02
3.849135695580317815e+02
3.850870716553098987e+02
3.853704875584416527e+02
3.854560759072654719e+02
3.859368730505932490e+02
3.862636033827523647e+02
3.863635266191943174e+02
3.863914188196428086e+02
3.864783939059565228e+02
3.865924601234995635e+02
3.867173289948742649e+02
3.873029073269884748e+02
3.878497372289952523e+02
3.880040875277998111e+02
3.880076925225948230e+02
3.884024091586030067e+02
3.887976709693621160e+02
3.888857926400656879e+02
3.890234492883846542e+02
3.895914027962717796e+02
3.896078577980775322e+02
3.897479421713658212e+02
3.898532678838033689e+02
3.901543658612720265e+02
3.903353798983947627e+02
3.904532060114473779e+02
3.905033149450384258e+02
3.905077387838366008e+02
3.905521675056968434e+02
3.906889520021015869e+02
3.917893298898200101e+02
3.917925171101464343e+02
3.921182793138469833e+02
3.924540428504936358e+02
3.926019942024805687e+02
3.931429877097090184e+02
3.938784313918404791e+02
3.942246853795127777e+02
3.943079597933909781e+02
3.945913253185285612e+02
3.952638332695458416e+02
3.953225252282519477e+02
3.953448754926737365e+02
3.955634310730792436e+02
3.959582176177784731e+02
3.960529730783927107e+02
3.962411847669353051e+02
3.963045375079635164e+02
3.965590927186686372e+02
3.966180594063763465e+02
3.966515972375102024e+02
3.969163400664586447e+02
3.972565945972729082e+02
3.975289502622747477e+02
3.976039673623437238e+02
3.977731796123460413e+02
3.981646906290373522e+02
3.983182120838503124e+02
3.986191432470607197e+02
3.987380155914410693e+02
3.987449978322981110e+02
3.987602871019139457e+02
3.988512756814680529e+02
3.992478599453650645e+02
3.993598701916541813e+02
3.995008143821369231e+02
3.996552686119900955e+02
3.996819032328735943e+02
3.999159209268476616e+02
3.999929418321532921e+02
4.005017799444431716e+02
4.009170800722649233e+02
4.009828034960274863e+02
4.010217154066619969e+02
4.015269489963715728e+02
4.018965832027166130e+02
4.020058436415410483e+02
4.020439757987218172e+02
4.021730072021856017e+02
4.022175633439263720e+02
4.025445618155101215e+02
4.026793002834943991e+02
4.028009725542012802e+02
4.029940532954813079e+02
4.030158967775150245e+02
4.031895075698890878e+02
4.032011459739443353e+02
4.032219930477662047e+02
4.034706793162352483e+02
4.037975673378073793e+02
4.038214784796082881e+02
4.040170343314889010e+02
4.042233765768041280e+02
4.042721896847516518e+02
4.043079967800407530e+02
4.043343398823688517e+02
4.044252621069186944e+02
4.045470021099786209e+02
4.046130254839094391e+02
4.046641756012826363e+02
4.048072254702167925e+02
4.051583429601448074e+02
4.052337330834177465e+02
4.052862001749136311e+02
4.059306697933998862e+02
4.060036404694548082e+02
4.060617625908682271e+02
4.061489432096126961e+02
4.063109236086005467e+02
4.064475706761235188e+02
4.067310807737345044e+02
4.069219412036800918e+02
4.069647584757989875e+02
4.070943976449681259e+02
4.071273792173461743e+02
4.080519791395794300e+02
4.081874338044478918e+02
4.086416820830965548e+02
4.089024181474461557e+02
4.090770574099659029e+02
4.091067465262019027e+02
4.092228409892443324e+02
4.092618025697845496e+02
4.094321040776155769e+02
4.099463899761435641e+02
4.102599206747415224e+02
4.107914886557420004e+02
4.111853091705863790e+02
4.115194692008181505e+02
4.115633679033286967e+02
4.118490410065718379e+02
4.121130746297755536e+02
4.124610549732264531e+02
4.125854317713714181e+02
4.127919360528916286e+02
4.131127847392563694e+02
4.133028371316328844e+02
4.133154316613755554e+02
4.134276635454637017e+02
4.142694576167227751e+02
4.146710279505219887e+02
4.148398113388512343e+02
4.151443704839221596e+02
4.154563692882574060e+02
4.156975097372726964e+02
4.158350213579181514e+02
4.160218686200803404e+02
4.161479310332900354e+02
4.166889434630256801e+02
4.167160804981107844e+02
4.169775579786122535e+02
4.172598707157341096e+02
4.178337396471138163e+02
4.186359868546082339e+02
4.186867734533439034e+02
4.187064922595914709e+02
4.197292809651834773e+02
4.199852599727260554e+02
4.201550319948265155e+02
4.204268017737319951e+02
4.216376781473495043e+02
4.218394656026694065e+02
4.222631820184973890e+02
4.223801709421799728e+02
4.224191356156606503e+02
4.224197102476503005e+02
4.230218100132953509e+02
4.242367608318842258e+02
4.245594654227151636e+02
4.246628812198244987e+02
4.258383108683945011e+02
4.262955884205606480e+02
4.265843742618192209e+02
4.266624066841694116e+02
4.277657934238801545e+02
4.278709206184801133e+02
4.279224510177090792e+02
4.281074305871385945e+02
4.281872165582995535e+02
4.283603669234743734e+02
4.284818018165846638e+02
4.284943094156572556e+02
4.287918719933188072e+02
4.288590678818550828e+02
4.290913985716426282e+02
4.291066449482748340e+02
4.295308266541414923e+02
4.296760937139380871e+02
4.300406830011935995e+02
4.308053173786704519e+02
4.310602433103770181e+02
4.312122284953616713e+02
4.313660163690940976e+02
4.319994773415070881e+02
4.322157638310063703e+02
4.325344468541035781e+02
4.327930516948887316e+02
4.330588461243680740e+02
4.330919809101060878e+02
4.333726403664271629e+02
4.334151069548479995e+02
4.335520437178976749e+02
4.337217066635748779e+02
4.339707621030875657e+02
4.344236107356226739e+02
4.345972805343303094e+02
4.348111276855659071e+02
4.349321822640091568e+02
4.352960228536817340e+02
4.356359109654104032e+02
4.359783727142554426e+02
4.365669946417401661e+02
4.367894047137539815e+02
4.370285025463704187e+02
4.375680097523119798e+02
4.376902594671113889e+02
4.380766356192280000e+02
4.383147358137896390e+02
4.383365272994080328e+02
4.385888215278496887e+02
4.392472421217829037e+02
4.392903172367475122e+02
4.393618278294977699e+02
4.395309555355652833e+02
4.398909685151961071e+02
4.402655010610408226e+02
4.405018188982128322e+02
4.406059498978498254e+02
4.406927013267854250e+02
4.416299305174050005e+02
4.420375680555982285e+02
4.432716868800911243e+02
4.435280162322515025e+02
4.435986573143169380e+02
4.436902345044062486e+02
4.440056964972421838e+02
4.440614671435172340e+02
4.442373233297984143e+02
4.447149302806132596e+02
4.448506297317574081e+02
4.448816827964972731e+02
4.452468611463658590e+02
4.453643680057845700e+02
4.454149859867894179e+02
4.455314326168003163e+02
4.457654851946932126e+02
4.460457194189568213e+02
4.461613072933629383e+02
4.469191409190437412e+02
4.469300135203276909e+02
4.473473145762739591e+02
4.474893643318642376e+02
4.476618027741136530e+02
4.482382286061956620e+02
4.484585114205259515e+02
4.484958030903368922e+02
4.491256727666628308e+02
4.497490058097486099e+02
4.501158005751150881e+02
4.504527545955210144e+02
4.513690409705507705e+02
4.528309511460188901e+02
4.531165670300816828e+02
4.538134760728565311e+02
4.538337850779020073e+02
4.545399429200356280e+02
4.557312848808160197e+02
4.562949764726737953e+02
4.583374792922786014e+02
4.583799310411475290e+02
4.586423998375979636e+02
4.586586498591490226e+02
4.599542173397736065e+02
4.599750675967532629e+02
4.600212854190909866e+02
4.606032667825596718e+02
4.612709842851032818e+02
4.615501450911033317e+02
4.626472169721116643e+02
4.629709514281518068e+02
4.634348900734480594e+02
4.635681110836899279e+02
4.641283295897302423e+02
4.644072090041703404e+02
4.645847948691530291e+02
4.646557458004199361e+02
4.647818858936232118e+02
4.651678761595713922e+02
4.652863558858662145e+02
4.660286908221324325e+02
4.673487111116775168e+02
4.674162705969222884e+02
4.676809658578349627e+02
4.680009134136518583e+02
4.680563142098266667e+02
4.684111058906180460e+02
4.700713362149502927e+02
4.709724521611483397e+02
4.717474090515531771e+02
4.718030977236037984e+02
4.727112640333406830e+02
4.729963904103190089e+02
4.730210470654342885e+02
4.730624845294323677e+02
4.731392128226693785e+02
4.733029570620902859e+02
4.733591753692253974e+02
4.736820834902953834e+02
4.746210299740583878e+02
4.753273614147083208e+02
4.756346588915085931e+02
4.756773998125871117e+02
4.759137416962023508e+02
4.766427159857088327e+02
4.766769119347106880e+02
4.771337417019660734e+02
4.785214255094949749e+02
4.787165681938278112e+02
4.788810061482678293e+02
4.789038149341547523e+02
4.794096746626555614e+02
4.794508991717437993e+02
4.795482032623817759e+02
4.797671930165916478e+02
4.801284910120501763e+02
4.802476398273896621e+02
4.805493040483237337e+02
4.806151205734995528e+02
4.817686168285888471e+02
4.840598474779158096e+02
4.843327329069938401e+02
4.850190765218831643e+02
4.852183542774524199e+02
4.853656030931755936e+02
4.854731362376136872e+02
4.860190686734557062e+02
4.863054485222451717e+02
4.863109879033173115e+02
4.863322208687006878e+02
4.868016736277500058e+02
4.874591943184869933e+02
4.875548752582810721e+02
4.881097567331894993e+02
4.889910082827054225e+02
4.891210283315654124e+02
4.895147087569511086e+02
4.898846254330010765e+02
4.908066071979882850e+02
4.910999885809753778e+02
4.914730985477538070e+02
4.915884343004177595e+02
4.928993057211849305e+02
4.937490117599794530e+02
4.943881904173752559e+02
4.965446405253379112e+02
4.974513572360178273e+02
4.978711475267024866e+02
4.986528865533408066e+02
4.990267579367363737e+02
4.999218562961486896e+02
5.003250480877683799e+02
5.004927634438590758e+02
5.005617327080029213e+02
5.006633050968454768e+02
5.021377132713616902e+02
5.024860348189836259e+02
5.026027145496143476e+02
5.034839018518205762e+02
5.035028293941613242e+02
5.042919821462076015e+02
5.044636165513583137e+02
5.045358858772449366e+02
5.051246073853955068e+02
5.051971563786506749e+02
5.059545695261681431e+02
5.060793047749863263e+02
5.064471921358300506e+02
5.064855858357823308e+02
5.067015910205719251e+02
5.067169339846236653e+02
5.068076831629842331e+02
5.073286932565253551e+02
5.073616439885479394e+02
5.085454337924468859e+02
5.094923102041816492e+02
5.099295882404613849e+02
5.102352913047810148e+02
5.105356137648124673e+02
5.106303376117308517e+02
5.109031632283829367e+02
5.121857799562378659e+02
5.131422545575671847e+02
5.135408553665216687e+02
5.138011795212995594e+02
5.145760390242422773e+02
5.147573735628701570e+02
5.156037226962283739e+02
5.158369554956536831e+02
5.163186526962969083e+02
5.167021284142660988e+02
5.180566732963915229e+02
5.190901448539940475e+02
5.199963813986828427e+02
5.199979021343297063e+02
5.204360890434610383e+02
5.207554966141748309e+02
5.208732559199825118e+02
5.213924117026571139e+02
5.217116993974477737e+02
5.223167927769243306e+02
5.223638056723523277e+02
5.224083954630280004e+02
5.237113326740538923e+02
5.246100545175887646e+02
5.252748957164619696e+02
5.257795783765320721e+02
5.261741491693763919e+02
5.262856453371063026e+02
5.268784445433951760e+02
5.270699666981281553e+02
5.276649563283442603e+02
5.284221407517202351e+02
5.291570842189020141e+02
5.293842819655862968e+02
5.301605317940151281e+02
5.303735094647689721e+02
5.311337277420329883e+02
5.311600508309776387e+02
5.315566011074956805e+02
5.318513805171801323e+02
5.322173434192675359e+02
5.324280428905793769e+02
5.333560972704240157e+02
5.338918179116237752e+02
5.345784632062374158e+02
5.347323903510493892e+02
5.354692631223018680e+02
5.358706834650936344e+02
5.369012600549774561e+02
5.373872829051549616e+02
5.374091561800308909e+02
5.379729426320709536e+02
5.388544500628947844e+02
5.391601160074224026e+02
5.398769482675063500e+02
5.399210712229222509e+02
5.399353275542576966e+02
5.400129215108413518e+02
5.400788027366596680e+02
5.412855097087965532e+02
5.415917791340662006e+02
5.416259168636563572e+02
5.422100599106934169e+02
5.423674117713607075e+02
5.429761476296060891e+02
5.432047189050900897e+02
5.433143024302562480e+02
5.434508404106592252e+02
5.442728050936455020e+02
5.449853969742244999e+02
5.454775579418550251e+02
5.457435450926800513e+02
5.468472519390628577e+02
5.475004660462026322e+02
5.478602986481239441e+02
5.484207434831189403e+02
5.508486494646449501e+02
5.509251908678872951e+02
5.509856702842126879e+02
5.516339085199736019e+02
5.519238300407301949e+02
5.522895518331658877e+02
5.530141721444319955e+02
5.534204657729740120e+02
5.545143836281833956e+02
5.546283232209655125e+02
5.555302360454900281e+02
5.557502209321926330e+02
5.562417002214796184e+02
5.574337251843137437e+02
5.578822584457652738e+02
5.579688125733017614e+02
5.579775118310814150e+02
5.584968740942016439e+02
5.590243474235006715e+02
5.611501443239488935e+02
5.618553554164366233e+02
5.622356240910785345e+02
5.634872823093834313e+02
5.635475236844589517e+02
5.641986307638156859e+02
5.649067469620513293e+02
5.656472844109251810e+02
5.664695841677679482e+02
5.673069141129462878e+02
5.674072193969534510e+02
5.674355066811709776e+02
5.676393793128921743e+02
5.681191692882190409e+02
5.683056221602390679e+02
5.697680791209741074e+02
5.701640286965362066e+02
5.707228868537669086e+02
5.711137349633767144e+02
5.712298912891329792e+02
5.715510662747328752e+02
5.718236458969101932e+02
5.728872074397010010e+02
5.729328393865561111e+02
5.731099048844132540e+02
5.731312079353916715e+02
5.736014834921653573e+02
5.736066622278358409e+02
5.737559338455200759e+02
5.742764561291342034e+02
5.746917001999162267e+02
5.754468483683353952e+02
5.755317352712596630e+02
5.756100195389134342e+02
5.760523297409090446e+02
5.772352750578064615e+02
5.777618528282848729e+02
5.791758486523018519e+02
5.794132008001377017e+02
5.796609565536064110e+02
5.804563471966265524e+02
5.805121552267544303e+02
5.807667452929439378e+02
5.807917925345860795e+02
5.808239868688408478e+02
5.808401937762477019e+02
5.809694286442075963e+02
5.821809747913520141e+02
5.824077030113998035e+02
5.837677953862927325e+02
5.838655539410194706e+02
5.846081661789920645e+02
5.850482728402311068e+02
5.854395193946231757e+02
5.854441695541833042e+02
5.855339250569267051e+02
5.856943283433965917e+02
5.866850377812467059e+02
5.869968905075977545e+02
5.878172127754127132e+02
5.882234283506802512e+02
5.901934198719715141e+02
5.903352847302677446e+02
5.906876365804592979e+02
5.912411662248092625e+02
5.919911820673266902e+02
5.934395575397222728e+02
5.941797072232782284e+02
5.942068353466129338e+02
5.946586253603887826e+02
5.949695808943416750e+02
5.967524718475232248e+02
5.968419278546584792e+02
5.968675418171050069e+02
5.969779576890541648e+02
5.984766924628223705e+02
5.985682943533781781e+02
5.986183005572852380e+02
5.987490295987556692e+02
5.996020867299823749e+02
5.996930597434007950e+02
5.997792156534244441e+02
5.999483527633334461e+02
